2 0.4934791666666667 0.07443888888888889 0.020440972222222225 0.03172777777777779
1 0.5246006944444443 0.07452222222222221 0.0216597222222223 0.03189444444444443
0 0.5567361111111111 0.07501111111111111 0.021253472222222312 0.03286666666666666
0 0.9839618055555555 0.022127777777777777 0.023899305555555608 0.039049999999999994
1 0.9530972222222223 0.02156111111111111 0.019934027777777648 0.03596111111111111
2 0.9230972222222221 0.02123333333333333 0.028270833333333436 0.035961111111111124
2 0.9168437500000001 0.11056666666666667 0.020236111111110944 0.027172222222222236
1 0.9492847222222222 0.11064444444444442 0.022069444444444506 0.026683333333333354
0 0.9799444444444443 0.10999444444444445 0.019118055555555694 0.026033333333333342
1 0.649173611111111 0.6637833333333333 0.02307638888888898 0.030527777777777678
2 0.6158506944444445 0.6626444444444444 0.021399305555555515 0.02661111111111116
0 0.6797291666666666 0.6629555555555555 0.018177083333333382 0.028055555555555618
0 0.9731493055555556 0.6814166666666666 0.018177083333333382 0.026194444444444496
1 0.9416284722222221 0.6815222222222221 0.021142361111111303 0.027227777777777837
2 0.9106875 0.6813166666666666 0.022173611111111078 0.025988888888888936