2 0.4171145833333333 0.1376 0.02140972222222217 0.03715555555555554
1 0.44868402777777777 0.1380333333333333 0.020684027777777794 0.03686666666666667
0 0.4795277777777777 0.13701666666666665 0.025763888888888788 0.0325111111111111
0 0.9835277777777777 0.017177777777777778 0.01622916666666659 0.02855
0 0.9805555555555555 0.13072777777777778 0.019152777777777647 0.027905555555555565
1 0.9504131944444444 0.018066666666666665 0.020163194444444345 0.029033333333333335
1 0.9479930555555555 0.1298388888888889 0.01975694444444424 0.0287111111111111
2 0.919111111111111 0.015888888888888886 0.018447916666666706 0.025966666666666662
2 0.9169444444444445 0.13096666666666668 0.01734027777777764 0.030322222222222212
2 0.8398263888888888 0.4555666666666666 0.02035763888888885 0.028555555555555542
1 0.8720347222222222 0.45768333333333333 0.022309027777777858 0.03279444444444437
0 0.9030590277777777 0.4564611111111111 0.020218749999999848 0.03033888888888877