2 0.49298611111111107 0.07479999999999999 0.02247569444444449 0.03211666666666666
1 0.5256666666666666 0.07493888888888887 0.02127430555555563 0.034588888888888884
0 0.5568055555555556 0.07466666666666666 0.02110069444444444 0.029644444444444435
0 0.9807395833333333 0.11007222222222221 0.022819444444444534 0.025805555555555533
0 0.9846840277777777 0.021411111111111113 0.023159722222222238 0.03623333333333334
1 0.9532013888888888 0.02278333333333333 0.02127430555555563 0.0345888888888889
1 0.9483993055555555 0.11007222222222221 0.020586805555555542 0.03129444444444445
2 0.9213784722222222 0.022783333333333336 0.022131944444444447 0.03348888888888889
2 0.9181180555555554 0.10938888888888888 0.021100694444444675 0.028822222222222204
2 0.6168125 0.6622 0.023295138888889018 0.028466666666666546
1 0.6479826388888889 0.6628166666666666 0.019583333333333286 0.025600000000000022
0 0.6796597222222223 0.6639444444444443 0.022527777777777893 0.029488888888888787
0 0.9743090277777778 0.6835 0.020479166666666514 0.029283333333333418
1 0.9404513888888888 0.6817611111111112 0.02239930555555555 0.026622222222222262
2 0.9096041666666665 0.6822722222222222 0.021118055555555532 0.027644444444444503