2 0.49441666666666667 0.07491666666666666 0.023520833333333258 0.032633333333333334
1 0.5244895833333333 0.07431666666666667 0.02709374999999999 0.031444444444444455
0 0.5575416666666667 0.07515000000000001 0.024118055555555646 0.030249999999999985
0 0.9488611111111109 0.0730111111111111 0.023670138888888914 0.027872222222222215
0 0.9844409722222222 0.02382222222222222 0.02337499999999982 0.025727777777777773
1 0.916034722222222 0.07133888888888888 0.02471180555555558 0.028344444444444436
1 0.9529548611111112 0.026322222222222223 0.019947916666666524 0.028822222222222228
2 0.9212430555555554 0.0237 0.021437499999999925 0.026438888888888883
2 0.8862569444444444 0.0717 0.02471180555555558 0.030966666666666663
2 0.6158541666666667 0.6493388888888888 0.020059027777777773 0.027650000000000053
1 0.6481076388888888 0.6503277777777776 0.025305555555555515 0.030616666666666674
0 0.6803576388888889 0.6489722222222222 0.01820833333333335 0.029872222222222147