2 0.4161180555555556 0.13772222222222222 0.025753472222222247 0.03489444444444444
2 0.9197534722222221 0.015733333333333332 0.01754166666666682 0.026933333333333333
1 0.9501875 0.016583333333333332 0.018871527777777904 0.02806666666666666
0 0.983236111111111 0.015449999999999993 0.02011111111111106 0.025233333333333333
0 0.9807534722222222 0.13063333333333332 0.016923611111111115 0.028777777777777753
1 0.9489027777777779 0.1307722222222222 0.02090972222222239 0.02849444444444444
2 0.9171840277777776 0.13069999999999998 0.01701041666666659 0.028916666666666656
1 0.44748958333333333 0.13683333333333333 0.019614583333333258 0.03392777777777781
0 0.4793819444444444 0.13726111111111108 0.02014236111111115 0.03590555555555554
2 0.8411076388888888 0.45660555555555554 0.02020138888888899 0.031511111111111066
1 0.8708611111111111 0.4573499999999999 0.020624999999999952 0.03300000000000011
0 0.9023506944444445 0.4559222222222221 0.01977777777777779 0.03177777777777786