2 0.4195902777777778 0.020994444444444444 0.02422569444444444 0.029072222222222218
1 0.4518125 0.01925555555555555 0.02282638888888885 0.03155555555555555
0 0.4838784722222222 0.01863333333333333 0.022361111111111144 0.032299999999999995
2 0.920548611111111 0.023233333333333335 0.022361111111110905 0.03751666666666666
1 0.9514513888888888 0.02261111111111111 0.023913194444444487 0.03627777777777776
0 0.9832847222222223 0.023849999999999996 0.02298263888888883 0.034783333333333326
0 0.9825347222222222 0.5196388888888889 0.018454861111110905 0.03022777777777776
1 0.9512916666666665 0.5209166666666666 0.02571874999999982 0.031850000000000024
2 0.9211388888888888 0.5196388888888889 0.026447916666666772 0.03394444444444446
2 0.4199409722222222 0.5195777777777778 0.02062500000000007 0.031005555555555588
1 0.4512326388888888 0.5195777777777778 0.018489583333333334 0.031005555555555588
0 0.48314583333333333 0.5178722222222222 0.02329166666666668 0.027594444444444546