2 0.4169583333333333 0.13835555555555554 0.021152777777777843 0.03800555555555557
1 0.44822569444444443 0.1376111111111111 0.02802083333333331 0.03176666666666667
0 0.4799583333333333 0.13791111111111112 0.020225694444444404 0.031172222222222247
0 0.9818090277777778 0.13137777777777776 0.023381944444444493 0.027611111111111104
0 0.9835729166666667 0.01692222222222222 0.021711805555555467 0.02672222222222223
1 0.9508229166666666 0.018999999999999996 0.024493055555555542 0.027316666666666666
1 0.9492430555555555 0.13330555555555554 0.022822916666666516 0.02672222222222222
2 0.9201111111111111 0.017516666666666663 0.022451388888888837 0.02672222222222222
2 0.917420138888889 0.13212222222222222 0.018555555555555495 0.03147222222222221
2 0.8407048611111111 0.4528888888888889 0.018305555555555724 0.027961111111111072
1 0.8710069444444444 0.45355555555555555 0.021218749999999887 0.031066666666666645
0 0.9033194444444443 0.4523333333333333 0.0203854166666666 0.026850000000000023