1 0.6550538381382425 0.13471904635421378 0.023671413685307386 0.029780648626244535
1 0.910864883640153 0.05763345699516347 0.023671413685307386 0.031181695324882276
1 0.9081486627301146 0.5385175174620039 0.022584230635637446 0.02592496811159336
1 0.4085793678360542 0.4523307287486026 0.028447377561653418 0.0413420859834034
2 0.6234560611323376 0.13532429852802533 0.02317818687044119 0.036925986789297156
2 0.3748836401528308 0.45294158510920873 0.030128516846127103 0.038327033487935064
2 0.8781104550191039 0.06006567406399865 0.02607502605071185 0.03973368437336725
2 0.87565126780132 0.54362293163184 0.02578325807572052 0.03458904089596947
0 0.9428794720389024 0.06082223928126305 0.02038902396665492 0.035956462473839844
0 0.9399166377214311 0.5418408002311728 0.023945814518930082 0.027925662797248004
0 0.6858805140673846 0.13388402252182569 0.021337269885376743 0.03060446408504354
0 0.4407363667940257 0.45405121409452986 0.02513025356026392 0.039016348463664745