1 0.25588296760710555 0.017887289905191103 0.021135492859630803 0.030266518533200497
0 0.28758620689655173 0.017202955019238225 0.024155346569139625 0.028886721364775186
2 0.22612330198537095 0.01797630907734758 0.021995820271682356 0.028714246718722025
2 0.6300557297109022 0.05165893834205269 0.027603622431208664 0.028908976157814303
1 0.6619749216300941 0.0536396149225342 0.018115639150121866 0.02770165363544214
0 0.6927063740856845 0.054412968980643545 0.025663531870428358 0.027534742687648765
0 0.9852525252525252 0.01650749273676579 0.02199582027168224 0.02061906575074284
1 0.9540334378265414 0.018833118609353623 0.02318355973528412 0.020101641812583348
2 0.924649947753396 0.01849373301550707 0.021567398119122318 0.01941174322837069
2 0.6237478230581679 0.34724709948761817 0.029007314524555974 0.027568124877207414
1 0.6591187739463602 0.3481929281917807 0.02210379658655531 0.024296670300457162
0 0.6887182166492511 0.34871035212994017 0.019839777081156505 0.028775447399579577