2 0.41575694444444444 0.1365833333333333 0.02845486111111105 0.03288333333333331
1 0.4478680555555555 0.1375333333333333 0.020750000000000077 0.03351111111111114
1 0.9476041666666666 0.1302611111111111 0.025097222222222135 0.027822222222222213
2 0.9167777777777778 0.1351611111111111 0.024305555555555476 0.03003333333333335
0 0.9810972222222222 0.13278888888888887 0.019364583333333484 0.03161666666666667
0 0.9832708333333334 0.019283333333333333 0.018180555555555363 0.02845555555555555
1 0.9510625 0.01802222222222222 0.022527777777777893 0.0335111111111111
2 0.9209270833333333 0.020077777777777778 0.024701388888888922 0.0313
2 0.8385277777777778 0.4546444444444444 0.022725694444444382 0.03414444444444446
1 0.8705381944444445 0.4574888888888889 0.021934027777777722 0.03351111111111114
0 0.9026805555555555 0.4565499999999999 0.02082638888888866 0.03140000000000005
0 0.48030902777777773 0.13755 0.022961805555555635 0.03246666666666665