1 0.3054036186499652 0.039869818575455324 0.026642310368823866 0.04465532148204381
1 0.24471816283924847 0.5613602974772077 0.02269659011830202 0.039869818575455455
1 0.7989074460681976 0.07335709214623619 0.024916492693110588 0.03668135776695276
1 0.9377940153096728 0.6749864687234207 0.02343423799582472 0.03747987881599585
2 0.9036290883785666 0.6739911291059516 0.021214335421016035 0.032295115384885734
2 0.21400487125956852 0.5615571160456337 0.02639526791927622 0.04026907909997671
2 0.7660995128740431 0.07335709214623619 0.030344467640918537 0.03986981857545531
2 0.27222338204592905 0.04146123728587194 0.02738343771746692 0.041461237285871935
0 0.33661099512874043 0.03887447895798626 0.02392832289492001 0.044256060957522325
0 0.8314718162839249 0.07694481347926024 0.02688935281837151 0.03907129752641235
0 0.9697425191370911 0.6753857292479422 0.023190675017397192 0.03668135776695276
0 0.2771572720946416 0.5625524556631029 0.023434237995824603 0.043856800433000845