2 0.9210138888888888 0.022311111111111104 0.019673611111110982 0.03573333333333333
2 0.9161527777777778 0.1098888888888889 0.019208333333333154 0.02573333333333333
1 0.9521423611111111 0.021755555555555552 0.019440972222222068 0.03388333333333334
1 0.9476284722222222 0.11081111111111111 0.017819444444444343 0.024627777777777773
0 0.9844861111111112 0.022127777777777774 0.01701041666666659 0.035366666666666664
0 0.980548611111111 0.11155555555555556 0.022565972222222067 0.026105555555555555
0 0.6800902777777778 0.6625944444444445 0.020937500000000143 0.02761666666666675
1 0.648017361111111 0.6619388888888889 0.019711805555555628 0.02565555555555553
2 0.6152847222222222 0.6620222222222223 0.019201388888888952 0.025822222222222233
2 0.9088263888888889 0.6820166666666667 0.017496527777777972 0.02772777777777776
1 0.9413125 0.6828722222222222 0.022013888888888763 0.02838888888888884
0 0.9725277777777778 0.6843166666666666 0.020041666666666676 0.03285555555555542