1 0.45242445293504685 0.022313722136210756 0.024550191038555033 0.04005299159919082
2 0.42226814866273016 0.02317387563032251 0.026151441472733575 0.04062270365373236
0 0.48400138937130954 0.02188364538915488 0.0236609934004863 0.038047828583696534
0 0.9825946509204584 0.01945399103890414 0.020281347690170294 0.029753491319047486
1 0.9524383466481419 0.019599211758689245 0.021882598124348836 0.034618385431848364
2 0.9215699895797151 0.01945399103890414 0.025620006946856694 0.03204351036181254
2 0.9199687391455367 0.5201024224980407 0.021705453282389677 0.028608481797664963
1 0.9522612018061827 0.5203872785253115 0.02294894060437637 0.030323203373589017
0 0.9824175060784995 0.52196236479375 0.022059742966307756 0.03232836638908342
1 0.4541160125043418 0.5215769713450895 0.021278221604723885 0.03133974841208478
2 0.42120527961097604 0.5247718271803616 0.024661340743313668 0.033897867245222396
0 0.4839492879472039 0.5238167216771598 0.022073636679402615 0.030697425997650695