1 0.23210837096213963 0.022322720337995306 0.02399444251476203 0.03760348525764545
2 0.2008475164987843 0.02163800846727874 0.022528655783258068 0.038193562154360546
0 0.2645918721778395 0.02256765791776383 0.02057658909343528 0.03711361009810841
1 0.6508301493574158 0.050256737957960505 0.021076762764848902 0.03338387876981491
2 0.6197255991663773 0.05125318856656428 0.024234109065647876 0.02967641449422768
0 0.6818200764154221 0.04950522492912525 0.023476901701979833 0.02974878241552292
0 0.937624175060785 0.01736830111085919 0.025078152136158376 0.029604046572932422
1 0.9055887460923933 0.017401701689918538 0.02014241055922194 0.028963868807628322
2 0.8736853073984022 0.017329333768623285 0.019920111149704902 0.027394041591839124
1 0.6211427579020493 0.477461277653331 0.022156998957971533 0.03647899909598082
2 0.5887148315387288 0.4786803987889971 0.02006599513720033 0.035872221909736164
0 0.6537617228204238 0.4791368733694748 0.02273011462313311 0.03678517107069138