2 0.4928402777777778 0.07502222222222221 0.017340277777777757 0.02861666666666667
1 0.5251180555555555 0.0745 0.023881944444444515 0.028961111111111108
0 0.5564687500000001 0.0752 0.022465277777777716 0.030361111111111113
0 0.9805555555555555 0.11079444444444443 0.021375000000000217 0.02826666666666668
0 0.9838819444444444 0.02216111111111111 0.02279166666666678 0.03524444444444443
1 0.9522013888888889 0.022244444444444445 0.023555555555555684 0.03681666666666666
1 0.9489861111111111 0.11061666666666667 0.021920138888888847 0.03070555555555553
2 0.9206874999999999 0.02224444444444444 0.022465277777777716 0.037511111111111106
2 0.9166527777777778 0.10983333333333332 0.02006597222222221 0.03192777777777778
2 0.6152604166666666 0.6622499999999999 0.020142361111111267 0.026694444444444607
1 0.6486284722222222 0.6630888888888888 0.020142361111111267 0.030305555555555655
0 0.6796701388888889 0.6627277777777778 0.019090277777777706 0.027661111111111154
0 0.9736215277777779 0.6834111111111111 0.018940972222222286 0.02862222222222215
1 0.9416041666666667 0.6829333333333333 0.021645833333333305 0.027661111111111154
2 0.9095833333333333 0.6823333333333333 0.018940972222222286 0.028377777777777738